../data/packet_based/tuesday/part_00000.npy
../data/packet_based/tuesday/part_00001.npy
../data/packet_based/tuesday/part_00002.npy
../data/packet_based/tuesday/part_00003.npy
../data/packet_based/tuesday/part_00004.npy
../data/packet_based/tuesday/part_00005.npy
../data/packet_based/tuesday/part_00006.npy
../data/packet_based/tuesday/part_00007.npy
../data/packet_based/tuesday/part_00008.npy
../data/packet_based/tuesday/part_00009.npy
../data/packet_based/tuesday/part_00010.npy
../data/packet_based/tuesday/part_00011.npy
../data/packet_based/tuesday/part_00012.npy
../data/packet_based/tuesday/part_00013.npy
../data/packet_based/tuesday/part_00014.npy
../data/packet_based/tuesday/part_00015.npy
../data/packet_based/tuesday/part_00016.npy
../data/packet_based/tuesday/part_00017.npy
../data/packet_based/tuesday/part_00018.npy
../data/packet_based/tuesday/part_00019.npy
../data/packet_based/tuesday/part_00020.npy
../data/packet_based/tuesday/part_00021.npy
../data/packet_based/tuesday/part_00022.npy
../data/packet_based/tuesday/part_00023.npy
(11837595, 29) (11837595,)
(138640, 29)
0 1.3828277587890625e-05
10000 25.862021923065186
20000 51.87676668167114
24979 64.47118830680847
TPR in normal setting for SSH-Patator is 0.2176
# 100 2.4209242542584737 24 56 1
# 200 2.4381324847539267 24 153 4
# 300 2.442526094118754 24 253 4
# 400 2.4474106868108114 24 353 4
# 500 2.451584772268931 24 453 4
# 600 5.715754028161367 63 505 13
# 700 9.47627448240916 101 555 25
# 800 9.481771524747213 101 654 26
# 900 9.485985664526622 101 754 26
# 1000 9.490169858932495 101 854 26
# 1100 9.494180246194203 101 954 26
# 1200 12.526373712221782 136 998 47
# 1300 15.508120238780975 168 1052 61
# 1400 16.42171102364858 179 1135 67
# 1500 16.425719451904296 179 1235 67
# 1600 16.43026538689931 179 1335 67
# 1700 18.125004120667775 201 1410 70
# 1800 23.975285538037618 264 1434 83
# 1900 25.191774157683053 279 1513 89
# 2000 25.19596337080002 279 1613 89
# 2100 25.20024294058482 279 1713 89
# 2200 25.204410910606384 279 1813 89
# 2300 25.781624786059062 285 1903 93
# 2400 28.760262791315714 316 1959 106
# 2500 29.27453795671463 322 2047 112
# 2600 29.27869309981664 322 2145 114
# 2700 29.284129746754964 322 2244 115
# 2800 29.288559273878732 322 2344 115
# 2900 30.53433787027995 337 2427 117
# 3000 32.28190184036891 357 2495 129
# 3100 37.09247582753499 410 2532 139
# 3200 37.661663913726805 416 2621 144
# 3300 37.66559895277023 416 2721 144
# 3400 37.66987578868866 416 2821 144
# 3500 40.29767444531123 447 2879 155
# 3600 42.550419346491495 473 2944 164
# 3700 45.118999695777894 501 2998 182
# 3800 45.21035163799922 502 3094 185
# 3900 45.215068507194516 502 3194 185
# 4000 45.33235462903976 503 3292 186
# 4100 46.31488764286041 516 3363 202
# 4200 50.596660522619885 578 3393 210
# 4300 51.06743714809418 584 3480 217
# 4400 51.07083158493042 584 3580 217
# 4500 51.07423673470815 584 3680 217
# 4600 52.40718597968419 604 3756 221
# 4700 53.367572116851804 618 3829 234
# 4800 56.7056239883105 664 3875 242
# 4900 56.709027008215585 664 3975 242
# 5000 56.712429626782736 664 4075 242
# 5100 56.71581997871399 664 4175 242
# 5200 57.72102346420288 677 4259 245
# 5300 59.484794557094574 704 4327 250
# 5400 61.835045858224234 735 4388 258
# 5500 61.83845021327337 735 4488 258
# 5600 61.84184195995331 735 4588 258
# 5700 62.48158819278081 744 4677 260
# 5800 63.94515564044317 766 4742 273
# 5900 66.71044803857804 804 4782 295
# 6000 67.15528508027394 810 4864 307
# 6100 67.1587923248609 810 4963 308
# 6200 67.16228565772374 810 5063 308
# 6300 69.04766956567764 837 5124 320
# 6400 70.55885519186656 858 5187 336
# 6500 72.41537863016129 886 5249 346
# 6600 72.79837494691213 892 5340 349
# 6700 72.80178676843643 892 5440 349
# 6800 72.80521340767542 892 5540 349
# 6900 75.30402393341065 930 5585 366
# 7000 79.56569070418676 989 5620 372
# 7100 80.73750847180685 1006 5696 379
# 7200 80.740873392423 1006 5795 380
# 7300 80.74429155985514 1006 5894 381
# 7400 82.52124633789063 1032 5956 393
# 7500 82.93320687611897 1038 6048 395
# 7600 86.35562013785044 1086 6085 410
# 7700 87.48713624080023 1099 6164 418
# 7800 87.49055015246073 1099 6264 418
# 7900 87.49400106668472 1099 6364 418
# 8000 88.66102090279261 1116 6437 428
# 8100 90.41382834911346 1139 6504 438
# 8200 91.6420649766922 1155 6578 448
# 8300 93.24571625391643 1177 6653 451
# 8400 93.24965934753418 1177 6751 453
# 8500 94.44754327932993 1194 6830 457
# 8600 95.33107258081436 1205 6907 469
# 8700 98.09014074405034 1244 6966 471
# 8800 98.64616759220759 1250 7041 490
# 8900 99.48056896130244 1262 7119 500
# 9000 99.48394931554795 1262 7219 500
# 9100 100.2935010989507 1274 7296 511
# 9200 102.3590226650238 1303 7352 526
# 9300 105.3122687458992 1345 7397 539
# 9400 105.3511447985967 1345 7493 543
# 9500 107.16767050027848 1370 7564 547
# 9600 107.17102200984955 1370 7664 547
# 9700 107.40766212940215 1373 7759 549
# 9800 109.39914461374283 1403 7819 559
# 9900 110.69992900689444 1420 7893 568
# 10000 112.63565127054851 1449 7958 574
# 10100 112.9296359539032 1453 8052 576
# 10200 113.20753560066223 1456 8144 581
# 10300 113.84117825428645 1465 8230 586
# 10400 116.7065879503886 1504 8282 595
# 10500 118.20059164365132 1524 8352 605
# 10600 119.36369190613429 1540 8426 615
# 10700 119.36705564260483 1540 8526 615
# 10800 119.67205289602279 1544 8619 618
# 10900 120.05036338567734 1549 8707 625
# 11000 122.83323162396749 1587 8759 635
# 11100 124.03564401070277 1604 8838 639
# 11200 124.38689388831456 1609 8925 647
# 11300 125.10021678209304 1619 9011 651
# 11400 125.73138427337011 1627 9096 658
# 11500 128.87663836081822 1673 9145 663
# 11600 129.51492304404576 1680 9226 675
# 11700 130.90470846096676 1699 9297 685
# 11800 130.9080501675606 1699 9397 685
# 11900 131.31263473033906 1705 9487 689
# 12000 131.61152932246526 1709 9582 690
# 12100 134.5543737411499 1751 9628 702
# 12200 136.51722886164984 1777 9700 704
# 12300 138.97037930488585 1810 9767 704
# 12400 138.9738937417666 1810 9867 704
# 12500 139.92471859852472 1823 9944 714
# 12600 141.38735164403914 1846 10019 716
# 12700 144.41138909657795 1888 10071 722
# 12800 145.377949265639 1902 10145 734
# 12900 145.38151282072067 1902 10245 734
# 13000 146.28336069186528 1915 10326 740
# 13100 146.28775441646576 1915 10425 741
# 13200 148.53842885891598 1947 10485 749
# 13300 150.29121256669362 1970 10556 755
# 13400 151.68677965402603 1990 10628 763
# 13500 151.8004643678665 1992 10725 764
# 13600 153.96754312912623 2023 10790 768
# 13700 153.9709654490153 2023 10890 768
# 13800 156.96765828927357 2065 10937 779
# 13900 158.66282213131586 2087 11010 784
# 14000 158.66624745925267 2087 11109 785
# 14100 159.80035395224888 2103 11191 787
# 14200 160.42952071825664 2111 11279 791
# 14300 161.2095614552498 2123 11364 794
# 14400 163.47754297653833 2153 11432 796
# 14500 165.06171174049376 2175 11508 798
# 14600 165.06511265039444 2175 11608 798
# 14700 165.06850775082907 2175 11708 798
# 14800 166.44556334018708 2194 11780 807
# 14900 167.25261245568592 2204 11863 814
# 15000 168.65620265801746 2225 11938 818
# 15100 170.29871503512064 2249 12001 831
# 15200 171.80483043193817 2269 12067 845
# 15300 171.80824520190558 2269 12167 845
# 15400 172.81839799880981 2283 12247 851
# 15500 172.8223427772522 2283 12346 852
# 15600 175.08950924873352 2316 12403 862
# 15700 176.1341538389524 2329 12486 866
# 15800 176.55380656719208 2335 12570 876
# 15900 177.19311585823695 2345 12658 878
# 16000 178.7837873617808 2366 12727 888
# 16100 178.78789501984915 2366 12826 889
# 16200 182.1315173347791 2414 12858 909
# 16300 182.3395128409068 2416 12945 920
# 16400 184.21746332645415 2445 12994 942
# 16500 184.2283108949661 2445 13079 957
# 16600 184.35648496548336 2447 13174 960
# 16700 186.17979122400283 2473 13232 976
# 16800 186.18317213455836 2473 13332 976
# 16900 187.9709823290507 2498 13399 984
# 17000 190.77358928521474 2539 13442 1000
# 17100 191.07388552029929 2543 13535 1003
# 17200 191.38680293162665 2548 13630 1003
# 17300 191.78265889883042 2553 13725 1003
# 17400 193.26914887030918 2576 13796 1009
# 17500 195.17171442111334 2603 13862 1016
# 17600 196.0463168978691 2616 13934 1031
# 17700 196.1050853888194 2617 14032 1032
# 17800 197.8235473871231 2643 14098 1040
# 17900 197.8268904010455 2643 14198 1040
# 18000 199.22435703277588 2663 14268 1050
# 18100 201.97470021247864 2700 14317 1064
# 18200 202.84415621360142 2711 14393 1077
# 18300 204.36373987992604 2734 14467 1080
# 18400 205.0932233095169 2745 14550 1086
# 18500 205.9957024693489 2758 14635 1088
# 18600 207.58817539215087 2779 14702 1100
# 18700 209.60423913002015 2807 14750 1124
# 18800 210.0247368812561 2811 14840 1130
# 18900 211.79843109051387 2838 14903 1140
# 19000 211.80181317726772 2838 15003 1140
# 19100 213.8327229499817 2869 15059 1153
# 19200 216.60174215634663 2908 15104 1169
# 19300 219.49562211831412 2949 15151 1181
# 19400 220.4078736424446 2962 15230 1189
# 19500 220.41130112012226 2962 15330 1189
# 19600 221.2280799269676 2975 15411 1195
# 19700 222.91911385854084 2999 15475 1207
# 19800 224.51780129671096 3023 15537 1221
# 19900 225.6735408226649 3039 15619 1223
# 20000 226.7825492223104 3055 15698 1228
# 20100 226.7858970562617 3055 15798 1228
# 20200 228.14745393196742 3077 15865 1239
# 20300 230.76184553305308 3116 15914 1251
# 20400 231.86264463265738 3132 15988 1261
# 20500 232.93374720811843 3146 16068 1267
# 20600 232.93725641568503 3146 16168 1267
# 20700 234.43782695134482 3167 16242 1272
# 20800 235.2401718576749 3179 16318 1284
# 20900 238.2265769044558 3222 16357 1302
# 21000 239.4661030093829 3240 16438 1303
# 21100 240.34237824678422 3252 16519 1310
# 21200 240.34574408531188 3252 16619 1310
# 21300 242.62080724239348 3287 16669 1325
# 21400 245.06786962747574 3323 16726 1332
# 21500 246.63746599356332 3345 16796 1340
# 21600 248.19101348718007 3369 16852 1360
# 21700 249.29134778579075 3385 16926 1370
# 21800 250.6630109588305 3405 17004 1372
# 21900 252.39757693211237 3431 17064 1386
# 22000 254.70174377361934 3463 17129 1389
# 22100 255.35642493168513 3472 17208 1401
# 22200 257.10831604798636 3496 17271 1414
# 22300 257.1118834217389 3496 17371 1414
# 22400 259.32478596369424 3529 17426 1426
# 22500 261.83988306919736 3565 17478 1438
# 22600 262.83716878890993 3579 17556 1446
# 22700 263.9183629234632 3594 17637 1450
# 22800 264.4962009946505 3600 17709 1472
# 22900 265.03352773189545 3607 17800 1474
# 23000 267.28015678723654 3639 17856 1486
# 23100 269.9729081908862 3676 17907 1498
# 23200 270.8993796745936 3689 17989 1503
# 23300 271.56788877248766 3697 18073 1511
# 23400 271.57124480009077 3697 18173 1511
# 23500 273.6028770764669 3727 18231 1523
# 23600 275.81100105841955 3755 18288 1538
# 23700 276.04834583600365 3758 18382 1541
# 23800 278.1437394976616 3788 18445 1548
# 23900 278.4824618776639 3792 18536 1553
# 24000 278.9353873769442 3798 18623 1560
# 24100 281.3469683249792 3830 18682 1569
# 24200 283.1365001161893 3853 18743 1585
# 24300 284.6775460998217 3876 18811 1594
# 24400 287.1134684522947 3911 18866 1604
# 24500 287.5052912990252 3917 18951 1613
# 24600 289.57050629456836 3947 19015 1619
# 24700 291.84868470430376 3977 19069 1635
# 24800 292.9990832209587 3991 19142 1648
# 24900 294.2833217302958 4009 19215 1657
duration: 17723.099373102188
TPR in adversarial setting for SSH-Patator is 0.1610
../data/packet_based/wednesday/part_00000.npy
../data/packet_based/wednesday/part_00001.npy
../data/packet_based/wednesday/part_00002.npy
../data/packet_based/wednesday/part_00003.npy
../data/packet_based/wednesday/part_00004.npy
../data/packet_based/wednesday/part_00005.npy
../data/packet_based/wednesday/part_00006.npy
../data/packet_based/wednesday/part_00007.npy
../data/packet_based/wednesday/part_00008.npy
../data/packet_based/wednesday/part_00009.npy
../data/packet_based/wednesday/part_00010.npy
../data/packet_based/wednesday/part_00011.npy
../data/packet_based/wednesday/part_00012.npy
../data/packet_based/wednesday/part_00013.npy
../data/packet_based/wednesday/part_00014.npy
../data/packet_based/wednesday/part_00015.npy
../data/packet_based/wednesday/part_00016.npy
../data/packet_based/wednesday/part_00017.npy
../data/packet_based/wednesday/part_00018.npy
../data/packet_based/wednesday/part_00019.npy
../data/packet_based/wednesday/part_00020.npy
../data/packet_based/wednesday/part_00021.npy
../data/packet_based/wednesday/part_00022.npy
../data/packet_based/wednesday/part_00023.npy
../data/packet_based/wednesday/part_00024.npy
../data/packet_based/wednesday/part_00025.npy
../data/packet_based/wednesday/part_00026.npy
../data/packet_based/wednesday/part_00027.npy
../data/packet_based/wednesday/part_00028.npy
(14082078, 29) (14082078,)
(47605, 29)
0 8.106231689453125e-06
10000 19.496193647384644
20000 39.04238843917847
24979 48.78917574882507
TPR in normal setting for Slowloris is 0.9384
